% S = [-1 0 1 0 0 0 0; 
%     1 -1 0 -1 0 0 0;
%     0 1 0 0 1 0 0;
%     -1 0 1 0 0 1 0;
%     1 0 0 0 0 0 1];

% [x, profit] = linprog(-[80; 100], [4 1; 2 3], [50; 70])

% lb = [0 -10 ]
% [v, val] = linprog(-[0; 0; 0; 1; 0; 0; 0], [], [], S, zeros(5,1), lb, ub)


%% Diagram on Pg. 180


S = [-1    -1     0     0     0     0     0     1     0     0;
     1     0     1    -1    -1     0     0     0     0     0;
     0     1    -1     0     0     0     0     0     0     0;
     0     0     0     2     0     1    -1     0     0     0;
     0     0     0     0     0     1     0     0    -1     0;
     0     0     0     0     1     0     0     0     0    -1;
     0     0     0     0     0     0     1     0     0    -2;
     1     0     1     0     0     0    -1     0     0   -10];

lb = [0 0 0 -1000 0 -1000 0 0 -1000 0]';
ub = 1000.*ones(10,1);
[v, val] = linprog(-[0 0 0 0 0 0 0 0 0 1]', [], [], S, zeros(8,1), lb, ub)